    .80     .181E+00     .000E+00     .000E+00     .826E-01     .688E-03     .000E+00     .000E+00     .000E+00     .222E-02     .563E-03     .246E-03     .244E-03     .182E-03     .225E-04     .412E-03       .53     .304E-04     .433E-03
    .90     .241E+00     .000E+00     .000E+00     .108E+00     .883E-03     .000E+00     .000E+00     .000E+00     .293E-02     .742E-03     .324E-03     .322E-03     .240E-03     .299E-04     .544E-03       .54     .398E-04     .578E-03
   1.00     .302E+00     .000E+00     .000E+00     .134E+00     .108E-02     .000E+00     .000E+00     .000E+00     .364E-02     .921E-03     .402E-03     .401E-03     .297E-03     .372E-04     .675E-03       .56     .492E-04     .723E-03
   1.10     .362E+00     .000E+00     .000E+00     .160E+00     .127E-02     .000E+00     .000E+00     .000E+00     .435E-02     .110E-02     .480E-03     .479E-03     .354E-03     .445E-04     .807E-03       .57     .587E-04     .878E-03
   1.20     .426E+00     .000E+00     .000E+00     .187E+00     .149E-02     .000E+00     .000E+00     .000E+00     .511E-02     .129E-02     .564E-03     .563E-03     .416E-03     .522E-04     .949E-03       .58     .681E-04     .104E-02
   1.30     .486E+00     .000E+00     .000E+00     .211E+00     .168E-02     .000E+00     .000E+00     .000E+00     .582E-02     .147E-02     .643E-03     .642E-03     .474E-03     .595E-04     .108E-02       .59     .774E-04     .120E-02
   1.40     .546E+00     .000E+00     .000E+00     .236E+00     .188E-02     .000E+00     .000E+00     .000E+00     .653E-02     .165E-02     .720E-03     .720E-03     .531E-03     .667E-04     .121E-02       .60     .862E-04     .136E-02
   1.50     .606E+00     .000E+00     .000E+00     .259E+00     .206E-02     .000E+00     .000E+00     .000E+00     .722E-02     .183E-02     .797E-03     .796E-03     .588E-03     .738E-04     .134E-02       .62     .948E-04     .152E-02
   1.60     .670E+00     .000E+00     .000E+00     .284E+00     .227E-02     .000E+00     .000E+00     .000E+00     .796E-02     .202E-02     .879E-03     .879E-03     .649E-03     .814E-04     .148E-02       .63     .104E-03     .169E-02
   1.70     .729E+00     .000E+00     .000E+00     .309E+00     .317E-02     .000E+00     .000E+00     .000E+00     .864E-02     .219E-02     .956E-03     .956E-03     .706E-03     .886E-04     .161E-02       .64     .112E-03     .185E-02
   1.80     .790E+00     .000E+00     .000E+00     .336E+00     .521E-02     .000E+00     .000E+00     .000E+00     .932E-02     .238E-02     .104E-02     .104E-02     .767E-03     .963E-04     .175E-02       .65     .120E-03     .201E-02
   1.90     .849E+00     .000E+00     .000E+00     .367E+00     .812E-02     .000E+00     .000E+00     .000E+00     .100E-01     .258E-02     .112E-02     .112E-02     .830E-03     .104E-03     .190E-02       .65     .128E-03     .218E-02
   2.00     .905E+00     .000E+00     .000E+00     .399E+00     .121E-01     .000E+00     .000E+00     .000E+00     .106E-01     .277E-02     .121E-02     .121E-02     .893E-03     .112E-03     .204E-02       .66     .136E-03     .234E-02
   2.10     .958E+00     .000E+00     .000E+00     .433E+00     .169E-01     .000E+00     .000E+00     .000E+00     .113E-01     .297E-02     .129E-02     .129E-02     .955E-03     .120E-03     .218E-02       .67     .142E-03     .249E-02
   2.20     .101E+01     .000E+00     .000E+00     .467E+00     .216E-01     .000E+00     .000E+00     .000E+00     .118E-01     .315E-02     .137E-02     .138E-02     .102E-02     .127E-03     .231E-02       .68     .149E-03     .263E-02
   2.30     .107E+01     .000E+00     .000E+00     .495E+00     .228E-01     .000E+00     .000E+00     .000E+00     .126E-01     .335E-02     .147E-02     .146E-02     .108E-02     .135E-03     .245E-02       .68     .157E-03     .282E-02
   2.40     .112E+01     .000E+00     .000E+00     .526E+00     .262E-01     .000E+00     .000E+00     .000E+00     .131E-01     .354E-02     .154E-02     .155E-02     .114E-02     .143E-03     .259E-02       .69     .164E-03     .299E-02
   2.50     .118E+01     .000E+00     .000E+00     .553E+00     .282E-01     .000E+00     .000E+00     .000E+00     .138E-01     .372E-02     .162E-02     .162E-02     .120E-02     .150E-03     .273E-02       .70     .171E-03     .318E-02
   2.60     .124E+01     .000E+00     .000E+00     .581E+00     .306E-01     .000E+00     .000E+00     .000E+00     .145E-01     .391E-02     .171E-02     .170E-02     .126E-02     .158E-03     .287E-02       .71     .177E-03     .336E-02
   2.70     .131E+01     .000E+00     .000E+00     .608E+00     .318E-01     .000E+00     .000E+00     .000E+00     .152E-01     .410E-02     .179E-02     .178E-02     .132E-02     .166E-03     .301E-02       .72     .185E-03     .355E-02
   2.80     .137E+01     .000E+00     .000E+00     .634E+00     .330E-01     .000E+00     .000E+00     .000E+00     .160E-01     .429E-02     .187E-02     .187E-02     .138E-02     .174E-03     .315E-02       .73     .192E-03     .375E-02
   2.90     .143E+01     .000E+00     .000E+00     .661E+00     .348E-01     .000E+00     .000E+00     .000E+00     .167E-01     .448E-02     .196E-02     .196E-02     .144E-02     .181E-03     .329E-02       .74     .199E-03     .395E-02
   3.00     .149E+01     .000E+00     .000E+00     .687E+00     .360E-01     .000E+00     .000E+00     .000E+00     .174E-01     .467E-02     .204E-02     .204E-02     .150E-02     .189E-03     .343E-02       .74     .207E-03     .414E-02
   3.10     .155E+01     .000E+00     .000E+00     .713E+00     .371E-01     .000E+00     .000E+00     .000E+00     .181E-01     .486E-02     .212E-02     .211E-02     .157E-02     .197E-03     .357E-02       .75     .215E-03     .433E-02
   3.20     .161E+01     .000E+00     .000E+00     .740E+00     .390E-01     .000E+00     .000E+00     .000E+00     .187E-01     .504E-02     .220E-02     .220E-02     .162E-02     .204E-03     .370E-02       .76     .222E-03     .449E-02
   3.30     .167E+01     .000E+00     .000E+00     .766E+00     .409E-01     .000E+00     .000E+00     .000E+00     .194E-01     .523E-02     .228E-02     .228E-02     .168E-02     .211E-03     .383E-02       .77     .230E-03     .464E-02
   3.40     .173E+01     .000E+00     .000E+00     .795E+00     .430E-01     .000E+00     .000E+00     .000E+00     .201E-01     .542E-02     .237E-02     .236E-02     .175E-02     .219E-03     .397E-02       .78     .238E-03     .481E-02
   3.50     .179E+01     .000E+00     .000E+00     .823E+00     .443E-01     .000E+00     .698E-17     .000E+00     .208E-01     .561E-02     .245E-02     .245E-02     .180E-02     .226E-03     .412E-02       .79     .247E-03     .499E-02
   3.60     .186E+01     .000E+00     .000E+00     .839E+00     .414E-01     .000E+00     .282E-17     .000E+00     .217E-01     .578E-02     .252E-02     .252E-02     .186E-02     .234E-03     .424E-02       .81     .256E-03     .517E-02
   3.70     .193E+01     .000E+00     .000E+00     .852E+00     .373E-01     .137E-13     .323E-15     .000E+00     .225E-01     .595E-02     .260E-02     .259E-02     .191E-02     .240E-03     .436E-02       .82     .265E-03     .539E-02
   3.80     .200E+01     .000E+00     .000E+00     .868E+00     .351E-01     .249E-07     .578E-09     .000E+00     .232E-01     .612E-02     .267E-02     .267E-02     .197E-02     .247E-03     .449E-02       .84     .274E-03     .557E-02
   3.90     .205E+01     .000E+00     .000E+00     .885E+00     .336E-01     .458E-05     .122E-06     .000E+00     .239E-01     .627E-02     .274E-02     .273E-02     .201E-02     .253E-03     .460E-02       .87     .284E-03     .574E-02
   4.00     .212E+01     .000E+00     .000E+00     .903E+00     .311E-01     .104E-03     .405E-05     .000E+00     .247E-01     .645E-02     .281E-02     .281E-02     .208E-02     .260E-03     .473E-02       .88     .318E-03     .592E-02
   4.10     .224E+01     .000E+00     .000E+00     .921E+00     .885E-02     .121E-02     .101E-01     .000E+00     .260E-01     .672E-02     .293E-02     .292E-02     .216E-02     .271E-03     .493E-02       .85     .114E-02     .109E-01
   4.20     .232E+01     .000E+00     .000E+00     .938E+00     .381E-02     .150E-03     .107E-01     .000E+00     .263E-01     .691E-02     .302E-02     .301E-02     .222E-02     .279E-03     .507E-02       .86     .438E-03     .141E-01
   4.30     .239E+01     .000E+00     .000E+00     .955E+00     .330E-02     .115E-03     .718E-02     .000E+00     .263E-01     .709E-02     .309E-02     .309E-02     .228E-02     .287E-03     .520E-02       .87     .346E-03     .154E-01
   4.40     .246E+01     .000E+00     .000E+00     .970E+00     .291E-02     .846E-04     .343E-02     .000E+00     .270E-01     .726E-02     .317E-02     .317E-02     .233E-02     .293E-03     .532E-02       .89     .292E-03     .160E-01
   4.50     .251E+01     .000E+00     .000E+00     .100E+01     .300E-02     .918E-04     .322E-02     .000E+00     .271E-01     .745E-02     .324E-02     .325E-02     .240E-02     .301E-03     .546E-02       .90     .286E-03     .169E-01
   4.60     .257E+01     .000E+00     .000E+00     .105E+01     .308E-02     .110E-03     .336E-02     .000E+00     .272E-01     .764E-02     .333E-02     .334E-02     .246E-02     .309E-03     .560E-02       .91     .281E-03     .179E-01
   4.70     .262E+01     .000E+00     .000E+00     .109E+01     .321E-02     .123E-03     .368E-02     .000E+00     .272E-01     .784E-02     .341E-02     .341E-02     .252E-02     .316E-03     .574E-02       .91     .284E-03     .188E-01
   4.80     .267E+01     .000E+00     .000E+00     .113E+01     .334E-02     .130E-03     .404E-02     .000E+00     .275E-01     .803E-02     .350E-02     .350E-02     .258E-02     .324E-03     .589E-02       .92     .290E-03     .195E-01
   4.90     .271E+01     .000E+00     .000E+00     .117E+01     .351E-02     .141E-03     .438E-02     .000E+00     .276E-01     .822E-02     .358E-02     .358E-02     .265E-02     .332E-03     .603E-02       .93     .297E-03     .205E-01
   5.00     .276E+01     .000E+00     .000E+00     .122E+01     .360E-02     .146E-03     .478E-02     .000E+00     .278E-01     .841E-02     .367E-02     .367E-02     .271E-02     .340E-03     .617E-02       .93     .304E-03     .213E-01
   5.10     .281E+01     .000E+00     .000E+00     .127E+01     .372E-02     .152E-03     .517E-02     .000E+00     .279E-01     .861E-02     .375E-02     .376E-02     .277E-02     .348E-03     .631E-02       .94     .315E-03     .222E-01
   5.20     .286E+01     .000E+00     .000E+00     .131E+01     .384E-02     .158E-03     .556E-02     .000E+00     .280E-01     .880E-02     .384E-02     .384E-02     .283E-02     .356E-03     .646E-02       .94     .327E-03     .230E-01
   5.30     .291E+01     .000E+00     .000E+00     .135E+01     .397E-02     .165E-03     .595E-02     .000E+00     .281E-01     .900E-02     .392E-02     .393E-02     .289E-02     .363E-03     .660E-02       .95     .338E-03     .239E-01
   5.40     .296E+01     .000E+00     .000E+00     .139E+01     .409E-02     .171E-03     .634E-02     .000E+00     .282E-01     .919E-02     .401E-02     .401E-02     .296E-02     .371E-03     .674E-02       .96     .349E-03     .248E-01
   5.50     .301E+01     .000E+00     .000E+00     .143E+01     .422E-02     .177E-03     .673E-02     .000E+00     .283E-01     .939E-02     .410E-02     .410E-02     .302E-02     .379E-03     .689E-02       .96     .360E-03     .257E-01
   5.60     .306E+01     .000E+00     .000E+00     .147E+01     .434E-02     .183E-03     .712E-02     .000E+00     .284E-01     .958E-02     .418E-02     .418E-02     .308E-02     .387E-03     .703E-02       .97     .371E-03     .266E-01
   5.70     .311E+01     .000E+00     .000E+00     .151E+01     .446E-02     .189E-03     .751E-02     .000E+00     .285E-01     .978E-02     .427E-02     .427E-02     .314E-02     .395E-03     .717E-02       .97     .383E-03     .274E-01
   5.80     .316E+01     .000E+00     .000E+00     .155E+01     .459E-02     .196E-03     .790E-02     .000E+00     .287E-01     .998E-02     .435E-02     .435E-02     .321E-02     .403E-03     .732E-02       .98     .394E-03     .283E-01
   5.90     .322E+01     .000E+00     .000E+00     .159E+01     .471E-02     .202E-03     .829E-02     .000E+00     .288E-01     .102E-01     .444E-02     .444E-02     .327E-02     .411E-03     .746E-02       .99     .405E-03     .292E-01
   6.00     .327E+01     .000E+00     .000E+00     .163E+01     .483E-02     .208E-03     .868E-02     .000E+00     .289E-01     .104E-01     .452E-02     .452E-02     .333E-02     .419E-03     .760E-02       .99     .416E-03     .301E-01
   6.10     .332E+01     .000E+00     .000E+00     .167E+01     .494E-02     .207E-03     .871E-02     .000E+00     .292E-01     .106E-01     .461E-02     .461E-02     .339E-02     .427E-03     .775E-02      1.00     .428E-03     .308E-01
   6.20     .337E+01     .000E+00     .000E+00     .171E+01     .504E-02     .207E-03     .874E-02     .000E+00     .296E-01     .108E-01     .470E-02     .469E-02     .346E-02     .435E-03     .789E-02      1.00     .439E-03     .314E-01
   6.30     .343E+01     .000E+00     .000E+00     .176E+01     .515E-02     .206E-03     .877E-02     .000E+00     .300E-01     .109E-01     .478E-02     .478E-02     .352E-02     .443E-03     .804E-02      1.01     .451E-03     .321E-01
   6.40     .348E+01     .000E+00     .000E+00     .180E+01     .525E-02     .206E-03     .880E-02     .000E+00     .303E-01     .111E-01     .487E-02     .486E-02     .359E-02     .451E-03     .818E-02      1.01     .462E-03     .328E-01
   6.50     .353E+01     .000E+00     .000E+00     .184E+01     .536E-02     .205E-03     .883E-02     .000E+00     .307E-01     .113E-01     .495E-02     .495E-02     .365E-02     .459E-03     .833E-02      1.02     .474E-03     .335E-01
   6.60     .359E+01     .000E+00     .000E+00     .188E+01     .546E-02     .204E-03     .886E-02     .000E+00     .310E-01     .115E-01     .504E-02     .503E-02     .371E-02     .467E-03     .847E-02      1.02     .485E-03     .342E-01
   6.70     .364E+01     .000E+00     .000E+00     .192E+01     .557E-02     .204E-03     .889E-02     .000E+00     .314E-01     .117E-01     .513E-02     .512E-02     .378E-02     .475E-03     .862E-02      1.03     .497E-03     .348E-01
   6.80     .369E+01     .000E+00     .000E+00     .196E+01     .567E-02     .203E-03     .892E-02     .000E+00     .318E-01     .119E-01     .521E-02     .520E-02     .384E-02     .483E-03     .876E-02      1.03     .509E-03     .355E-01
   6.90     .374E+01     .000E+00     .000E+00     .200E+01     .578E-02     .203E-03     .895E-02     .000E+00     .321E-01     .121E-01     .530E-02     .529E-02     .390E-02     .491E-03     .891E-02      1.04     .520E-03     .362E-01
   7.00     .380E+01     .000E+00     .000E+00     .204E+01     .588E-02     .202E-03     .898E-02     .000E+00     .325E-01     .123E-01     .538E-02     .537E-02     .397E-02     .499E-03     .905E-02      1.04     .532E-03     .369E-01
   7.10     .385E+01     .000E+00     .000E+00     .208E+01     .595E-02     .195E-03     .864E-02     .000E+00     .331E-01     .125E-01     .547E-02     .546E-02     .403E-02     .507E-03     .920E-02      1.04     .542E-03     .374E-01
   7.20     .391E+01     .000E+00     .000E+00     .212E+01     .602E-02     .189E-03     .831E-02     .000E+00     .337E-01     .127E-01     .556E-02     .555E-02     .410E-02     .515E-03     .934E-02      1.05     .551E-03     .378E-01
   7.30     .396E+01     .000E+00     .000E+00     .216E+01     .608E-02     .182E-03     .797E-02     .000E+00     .344E-01     .129E-01     .564E-02     .563E-02     .416E-02     .523E-03     .949E-02      1.05     .561E-03     .383E-01
   7.40     .401E+01     .000E+00     .000E+00     .220E+01     .615E-02     .176E-03     .763E-02     .000E+00     .350E-01     .131E-01     .573E-02     .572E-02     .422E-02     .531E-03     .964E-02      1.06     .571E-03     .387E-01
   7.50     .407E+01     .000E+00     .000E+00     .224E+01     .622E-02     .169E-03     .729E-02     .000E+00     .356E-01     .133E-01     .581E-02     .580E-02     .429E-02     .539E-03     .978E-02      1.06     .581E-03     .392E-01
   7.60     .412E+01     .000E+00     .000E+00     .227E+01     .628E-02     .162E-03     .696E-02     .000E+00     .362E-01     .135E-01     .590E-02     .589E-02     .435E-02     .547E-03     .993E-02      1.06     .590E-03     .397E-01
   7.70     .418E+01     .000E+00     .000E+00     .231E+01     .635E-02     .156E-03     .662E-02     .000E+00     .369E-01     .137E-01     .599E-02     .598E-02     .441E-02     .555E-03     .101E-01      1.07     .600E-03     .401E-01
   7.80     .423E+01     .000E+00     .000E+00     .235E+01     .642E-02     .149E-03     .628E-02     .000E+00     .375E-01     .139E-01     .607E-02     .606E-02     .448E-02     .563E-03     .102E-01      1.07     .610E-03     .406E-01
   7.90     .429E+01     .000E+00     .000E+00     .239E+01     .648E-02     .143E-03     .595E-02     .000E+00     .381E-01     .141E-01     .616E-02     .615E-02     .454E-02     .571E-03     .104E-01      1.08     .620E-03     .410E-01
   8.00     .434E+01     .000E+00     .000E+00     .243E+01     .655E-02     .136E-03     .561E-02     .000E+00     .387E-01     .144E-01     .625E-02     .624E-02     .461E-02     .579E-03     .105E-01      1.08     .630E-03     .415E-01
  13.00    0.622E+01    0.155E-15    0.483E-03    0.437E+01    0.106E+00    0.366E-08    0.371E-07    0.000E+00    0.305E+00    0.559E-01    0.366E-01    0.678E-01    0.279E-01    0.399E-02    0.113E+00      1.42    0.116E-02    0.462E-01
  15.00    0.702E+01    0.163E-15    0.563E-03    0.492E+01    0.205E+00    0.510E-09    0.295E-06    0.000E+00    0.516E+00    0.360E-01    0.339E-01    0.131E+00    0.606E-01    0.823E-02    0.115E+00      1.63    0.131E-02    0.507E-01
  20.00    0.873E+01    0.189E-15    0.690E-03    0.647E+01    0.315E+00    0.231E-07    0.205E-05    0.000E+00    0.138E+01    0.535E+00    0.133E+00    0.156E+00    0.662E-01    0.856E-02    0.120E+00      1.61    0.169E-02    0.622E-01
  25.00    0.102E+02    0.217E-15    0.808E-03    0.787E+01    0.607E+00    0.531E-04    0.526E-01    0.000E+00    0.244E+01    0.717E+00    0.129E+00    0.245E+00    0.124E+00    0.164E-01    0.124E+00      1.80    0.198E-02    0.193E-01
  30.00    0.118E+02    0.242E-15    0.926E-03    0.922E+01    0.645E+00    0.103E-03    0.695E-01    0.000E+00    0.389E+01    0.130E+01    0.221E+00    0.190E+00    0.780E-01    0.106E-01    0.128E+00      1.73    0.229E-02    0.162E-01
  35.00    0.132E+02    0.264E-15    0.104E-02    0.105E+02    0.937E+00    0.155E-03    0.117E-03    0.000E+00    0.522E+01    0.129E+01    0.195E+00    0.277E+00    0.126E+00    0.166E-01    0.131E+00      2.10    0.255E-02    0.102E+00
 100.00    0.314E+02    0.550E-15    0.252E-02    0.271E+02    0.473E+01    0.831E-03    0.117E-03    0.000E+00    0.225E+02    0.116E+01    0.000E+00    0.141E+01    0.750E+00    0.946E-01    0.170E+00      2.47    0.604E-02    0.314E+00

